1 2 3 4 17 10 12 13 14 15 16 16 16 16 16 16 16 16 16 11 9 8 6 7 16 5
-1 -1 -1 -1 -1 -1 -1 -1 -1 -1 -1 -1 -1 -1 -1 -1 -1 -1 -1 -1 -1 -1 -1 -1 -1 -1
-1 -1 -1 -1 -1 -1 -1 -1 -1 -1 -1 -1 -1 -1 -1 -1 -1 -1 -1 -1 -1 -1 -1 -1 -1 -1
-1 -1 -1 -1 -1 -1 -1 -1 -1 -1 -1 -1 -1 -1 -1 -1 -1 -1 -1 -1 -1 -1 -1 -1 -1 -1
-1 -1 -1 -1 -1 -1 -1 -1 -1 -1 -1 -1 -1 -1 -1 -1 -1 -1 -1 -1 -1 -1 -1 -1 -1 -1
-1 -1 -1 -1 -1 -1 -1 -1 -1 -1 -1 -1 -1 -1 -1 -1 -1 -1 -1 -1 -1 -1 -1 -1 -1 -1
-1 -1 -1 -1 -1 -1 -1 -1 -1 -1 -1 -1 -1 -1 -1 -1 -1 -1 -1 -1 -1 -1 -1 -1 -1 -1
-1 -1 -1 -1 -1 -1 -1 -1 -1 -1 -1 -1 -1 -1 -1 -1 -1 -1 -1 -1 -1 -1 -1 -1 -1 -1
-1 -1 -1 -1 -1 -1 -1 -1 -1 -1 -1 -1 -1 -1 -1 -1 -1 -1 -1 -1 -1 -1 -1 -1 -1 -1
-1 -1 -1 -1 -1 -1 -1 -1 -1 -1 -1 -1 -1 -1 -1 -1 -1 -1 -1 -1 -1 -1 -1 -1 -1 -1
-1 -1 -1 -1 -1 10 -1 -1 -1 -1 -1 -1 -1 -1 -1 -1 -1 -1 -1 11 -1 -1 -1 -1 -1 -1
-1 -1 -1 -1 -1 32 -1 -1 -1 -1 -1 -1 -1 -1 -1 -1 -1 -1 -1 -1 -1 -1 -1 -1 -1 -1
-1 -1 -1 -1 -1 16 16 18 16 16 16 16 16 19 16 16 16 16 16 -1 -1 -1 -1 -1 16 -1
-1 -1 -1 -1 -1 16 16 16 16 16 21 16 16 16 16 16 26 16 16 -1 -1 -1 -1 -1 16 -1
-1 -1 -1 -1 -1 16 16 16 16 16 25 16 16 16 16 16 16 16 16 -1 -1 -1 -1 -1 16 -1
-1 -1 -1 -1 -1 16 16 16 16 16 16 16 28 16 16 16 16 16 16 -1 -1 -1 -1 -1 16 -1
-1 -1 -1 -1 -1 16 16 16 16 16 16 16 28 16 16 16 16 16 16 -1 -1 -1 -1 -1 16 -1
-1 -1 -1 -1 17 -1 -1 -1 -1 -1 -1 -1 -1 -1 -1 -1 -1 -1 -1 -1 -1 -1 -1 -1 -1 -1
-1 -1 -1 -1 -1 16 16 16 16 16 16 16 28 16 16 16 16 16 16 -1 -1 -1 -1 -1 16 -1
-1 -1 -1 -1 -1 16 16 16 16 16 16 16 16 16 20 16 16 16 16 -1 -1 -1 -1 -1 16 -1
-1 -1 -1 -1 -1 16 16 16 16 16 16 16 16 16 16 16 16 16 16 -1 -1 -1 -1 -1 16 -1
-1 -1 -1 -1 -1 16 16 16 16 16 16 16 16 16 16 22 16 16 16 -1 -1 -1 -1 -1 16 -1
-1 -1 -1 -1 -1 16 16 16 16 16 16 16 16 16 16 16 23 16 16 -1 -1 -1 -1 -1 16 -1
-1 -1 -1 -1 -1 16 16 16 16 16 16 16 16 16 24 16 16 16 16 -1 -1 -1 -1 -1 16 -1
-1 -1 -1 -1 -1 16 16 16 16 16 16 16 16 16 16 16 16 16 16 -1 -1 -1 -1 -1 16 -1
-1 -1 -1 -1 -1 16 16 16 16 16 16 26 16 16 16 16 16 16 16 -1 -1 -1 -1 -1 16 -1
-1 -1 -1 -1 -1 16 16 16 27 16 16 16 16 16 16 16 16 16 16 -1 -1 -1 -1 -1 16 -1
1 -1 -1 -1 -1 16 16 16 16 16 16 16 16 16 16 16 16 16 16 -1 -1 -1 -1 -1 16 -1
1 -1 -1 -1 -1 16 29 16 16 16 16 16 16 16 16 16 16 16 16 -1 -1 -1 -1 -1 16 -1
1 -1 -1 -1 -1 16 16 16 16 16 30 16 16 16 16 16 16 16 16 -1 -1 -1 -1 -1 16 -1
-1 -1 -1 -1 -1 16 16 16 31 16 16 16 16 16 16 16 16 16 16 -1 -1 -1 -1 -1 16 -1
-1 -1 -1 -1 -1 16 16 16 16 16 16 16 16 16 16 16 16 16 16 -1 -1 -1 -1 -1 16 -1
-1 -1 -1 -1 -1 32 -1 -1 33 -1 -1 -1 -1 -1 -1 -1 -1 33 -1 -1 -1 -1 -1 -1 -1 -1
34 34 -1 -1 -1 35 -1 -1 -1 -1 -1 -1 -1 -1 -1 -1 -1 -1 -1 -1 -1 -1 -1 -1 -1 -1
-1 -1 -1 -1 -1 35 -1 -1 -1 -1 -1 -1 -1 -1 -1 -1 -1 -1 -1 -1 -1 -1 -1 -1 -1 -1
-1 -1 -1 -1 -1 35 -1 -1 -1 -1 -1 -1 -1 -1 -1 -1 -1 -1 -1 -1 -1 -1 -1 -1 -1 -1